0001000010000000100000001000000010000000100000001000000010000000
0001000010000000100000001000000010000000100000001000000010000000
0111111111111111111111111111111111111111111111111111111111111111
0000000000000000000000000000010000000000000000000000000000000000

1110111111111111111111111111111111111111111111111111111111111111
0001000010000000100000001000000010000000100000001000000010000000
1110111111111111111111111111111111111111111111111111111111111111

1111111011111101000000000000000000000000000000001111111111111111

00000000
00000000
00000000
00000000
00000000
00000000
00000000
00000000

11111111
11111111
00000000
00000000
00000000
00000000
11111111
11111111

10000000
10000000
00000000
00000000
00000000
00000000
01000100
00000000

0000000000000000000000000001000000000000000000000000000000000000

1000000010000000100000001000000010000000100000001000000010000000

bBishop
0010010000000000000000000000000000000000000000000000000000000000
bKing
0000100000000000000000000000000000000000000000000000000000000000
bKnight
0100001000000000000000000000000000000000000000000000000000000000
bQueen
0001000000000000000000000000000000000000000000000000000000000000
bRook
1000000100000000000000000000000000000000000000000000000000000000
bPawn
0000000011111111000000000000000000000000000000000000000000000000

1000000010000000100000001000000010000000100000001000000010000000
wBishop
0000000000000000000000000000000000000000000000000000000000100100
bKing
0000000000000000000000000000000000000000000000000000000000001000
bKnight
0000000000000000000000000000000000000000000000000000000001000010
bQueen
0000000000000000000000000000000000000000000000000000000000010000
bRook
0000000000000000000000000000000000000000000000000000000010000001
bPawn
0000000000000000000000000000000000000000000000001111111100000000

